65.2094535019945,311.76027324377424,2931.0,5,0,1:0:0:0:
78.96328534532218,270.35711668218556,3306.0,1,0,1:0:0:0:
165.317329187609,353.68165755751477,3606.0,1,0,1:0:0:0:
280.65552026546237,320.5591323082438,3906.0,1,0,1:0:0:0:
302.39363069213726,233.2238327147937,4131.0,1,0,1:0:0:0:
446.56636953945394,191.820676153205,4506.0,1,0,1:0:0:0:
468.30447996612884,104.48537655975488,4731.0,1,0,1:0:0:0:
360.36192516327037,0.32970046559336197,5106.0,1,0,1:0:0:0:
245.023734085417,33.452225714864305,5406.0,1,0,1:0:0:0:
158.66969024313016,49.87231516046487,5706.0,1,0,1:0:0:0:
274.00788132098353,82.9948404097358,6006.0,1,0,1:0:0:0:
360.36192516327037,0.3297004655933904,6306.0,1,0,1:0:0:0:
245.023734085417,33.45222571486433,6606.0,1,0,1:0:0:0:
216.03958684985042,149.89929183946447,6906.0,1,0,1:0:0:0:
100.70139577199707,183.02181708873542,7206.0,1,0,1:0:0:0:
14.347351929710243,99.69727621340624,7506.0,1,0,1:0:0:0:
100.99083914814311,132.8198014626772,7806.0,1,0,1:0:0:0:
165.7563720298582,70.3263958061803,8031.0,1,0,1:0:0:0:
184.97216219840712,47.28830977026362,8106.0,1,0,1:0:0:0:
244.0910878903068,57.532948613856156,8256.0,1,0,1:0:0:0:
264.77843324510866,113.85375952928206,8406.0,1,0,1:0:0:0:
298.36092743804545,163.57514410152993,8556.0,1,0,1:0:0:0:
358.2121566854162,159.35254329412723,8706.0,1,0,1:0:0:0:
384.4808917398501,105.40855791447667,8856.0,1,0,1:0:0:0:
350.8983975469134,55.68717334222879,9006.0,1,0,1:0:0:0:
231.19593905217198,64.13237495703407,9306.0,1,0,1:0:0:0:
204.927203997738,118.07636033668462,9456.0,1,0,1:0:0:0:
272.0921923836114,217.51912948118044,9756.0,1,0,1:0:0:0:
219.55472227474343,325.4071002404815,10056.0,1,0,1:0:0:0:
253.13721646768013,375.1284848127294,10206.0,1,0,1:0:0:0:
200.59974635881213,284.9835444279695,10506.0,1,0,1:0:0:0:
167.01725216587545,334.7049290002174,10656.0,1,0,1:0:0:0:
107.16602291850474,330.48232819281486,10806.0,1,0,1:0:0:0:
73.58352872556804,380.2037127650628,10956.0,1,0,1:0:0:0:
13.732299478197334,375.98111195766023,11106.0,1,0,1:0:0:0:
12.536435576236723,322.03712657800975,11256.0,1,0,1:0:0:0:
21.04605861669992,272.31574200576176,11406.0,1,0,1:0:0:0:
140.74851711144134,280.7609436205668,11706.0,1,0,1:0:0:0:
167.01725216587545,334.7049290002173,11856.0,1,0,1:0:0:0:
286.7197106606169,343.15013061502236,12156.0,1,0,1:0:0:0:
353.88469904649014,243.70736147052645,12456.0,1,0,1:0:0:0:
327.6159639920561,189.76337609087594,12606.0,1,0,1:0:0:0:
394.78095237792934,90.32060694638002,12906.0,1,0,1:0:0:0:
342.24348226906125,17.567363812920988,13206.0,1,0,1:0:0:0:
461.9459407638027,9.122162198115843,13506.0,1,0,1:0:0:0:
509.5165891273292,98.76580856118518,13806.0,1,0,1:0:0:0:
442.3516007414559,0.6769605833107306,14106.0,1,0,1:0:0:0:
389.8141306325878,107.21101017599028,14406.0,1,0,1:0:0:0:
449.66535987995854,102.98840936858771,14556.0,1,0,1:0:0:0:
507.16965173416816,202.43117851308358,14856.0,1,0,1:0:0:0:
447.31842248679743,198.208577705681,15006.0,1,0,1:0:0:0:
380.1534341009241,297.6513468501768,15306.0,1,0,1:0:0:0:
432.6909042097921,362.46068239052215,15606.0,1,0,1:0:0:0:
499.8558925956655,306.096548464982,15906.0,1,0,1:0:0:0:
471.6066372954665,354.015480775717,16206.0,1,0,1:0:0:0:
432.69090420979205,362.4606823905222,16506.0,1,0,1:0:0:0:
348.7346687274502,238.1572209599025,16881.0,1,0,1:0:0:0:
339.6089084041341,178.8552774966281,17031.0,1,0,1:0:0:0:
255.72910386217092,146.23353030243197,17256.0,1,0,1:0:0:0:
115.34677574819244,258.89586630386276,17706.0,1,0,1:0:0:0:
124.47253607150843,318.19780976713713,17856.0,1,0,1:0:0:0:
180.39240576615057,339.9456412299346,18006.0,1,0,1:0:0:0:
320.77473388012913,227.28330522850385,18456.0,1,0,1:0:0:0:
302.5232132334972,108.67941830195507,18756.0,1,0,1:0:0:0:
246.60334353885506,86.93158683915757,18906.0,1,0,1:0:0:0:
199.80923416752887,124.48569883963445,19056.0,1,0,1:0:0:0:
159.04465613666306,168.51125026111526,19206.0,1,0,1:0:0:0:
42.025586212556234,141.93048138403051,19506.0,1,0,1:0:0:0:
19.121280833742475,207.96880851625176,19731.0,1,0,1:0:0:0:
7.4961545630388855,293.9427123062866,19956.0,1,0,1:0:0:0:
124.51522448714569,320.5234811833715,20256.0,1,0,1:0:0:0:
165.27980251801154,276.4979297618907,20406.0,1,0,1:0:0:0:
282.29887244211835,303.0786986389756,20706.0,1,0,1:0:0:0:
300.0438293733059,360.3946344989988,20856.0,1,0,1:0:0:0:
446.3176667784394,374.3794044046451,21231.0,1,0,1:0:0:0:
401.9552744504707,250.3307559452967,21606.0,1,0,1:0:0:0:
361.1906964196048,294.35630736677746,21756.0,1,0,1:0:0:0:
302.6811614575514,281.06592292823495,21906.0,1,0,1:0:0:0:
293.80868299195765,252.40795499822332,21981.0,1,0,1:0:0:0:
301.01486117694526,223.2862964608699,22056.0,1,0,1:0:0:0:
329.8380463631231,214.96620056458968,22131.0,1,0,1:0:0:0:
359.836411004257,214.65296126697717,22206.0,1,0,1:0:0:0:
405.6477775335459,292.1211398741908,22431.0,1,0,1:0:0:0:
468.3603992607848,290.5549433861283,22806.0,1,0,1:0:0:0:
409.4487627353011,186.0110813860601,23106.0,1,0,1:0:0:0:
259.4569395296317,184.44488489799758,23481.0,1,0,1:0:0:0:
198.37511749057984,287.7357897076157,23781.0,1,0,1:0:0:0:
242.55884488469255,366.14368620766686,24006.0,1,0,1:0:0:0:
253.31724403462346,342.8287198405993,24156.0,1,0,1:0:0:0:
140.3200531117442,383.22221985654704,24456.0,1,0,1:0:0:0:
108.04485566195147,207.69499828825144,24906.0,1,0,1:0:0:0:
221.04204658483076,248.08849830419913,25206.0,1,0,1:0:0:0:
312.52243920784827,170.42681041667916,25506.0,1,0,1:0:0:0:
291.0056409079865,52.37162251321146,25806.0,1,0,1:0:0:0:
178.00844998510723,11.978122497263747,26106.0,1,0,1:0:0:0:
86.52805736208971,89.63981038478369,26406.0,1,0,1:0:0:0:
97.28645651202056,148.66740433651754,26556.0,1,0,1:0:0:0:
51.5462602005118,187.4982482802775,26706.0,1,0,1:0:0:0:
4.952335260927839,167.30149827230363,26856.0,1,0,1:0:0:0:
37.22753271072057,9.781283582897885,27306.0,1,0,1:0:0:0:
75.76965821215872,30.61221643304983,27606.0,1,0,1:0:0:0:
30.029461900649956,69.4430603768098,27756.0,1,0,1:0:0:0:
54.71843129150951,39.14793536484901,27981.0,1,0,1:0:0:0:
80.00445558739142,23.0042996123901,28056.0,1,0,1:0:0:0:
133.2520772254176,50.65734266181969,28206.0,1,0,1:0:0:0:
234.39617440894523,13.91720034801596,28506.0,1,0,1:0:0:0:
127.90093113289286,69.22328644687515,28806.0,1,0,1:0:0:0:
77.32888254112903,36.93601494195733,28956.0,1,0,1:0:0:0:
80.00445558739136,23.0042996123901,29106.0,1,0,1:0:0:0:
26.75683394936521,4.6487434370395455,29256.0,1,0,1:0:0:0:
153.18695542877487,85.36692219933398,29631.0,1,0,1:0:0:0:
286.3060095238402,16.234314575759868,30006.0,1,0,1:0:0:0:
387.4501067073679,80.80885758559542,30306.0,1,0,1:0:0:0:
384.77453366110564,140.74917213994286,30456.0,1,0,1:0:0:0:
485.91863084463336,205.32371514977842,30756.0,1,0,1:0:0:0:
458.2099366983274,163.84415057563393,30981.0,1,0,1:0:0:0:
455.53436365206505,103.90383602128651,31131.0,1,0,1:0:0:0:
506.10641224382886,71.61656451636868,31281.0,1,0,1:0:0:0:
491.2697769371581,85.44308604108348,31356.0,1,0,1:0:0:0:
440.69772834539424,53.15581453616566,31506.0,1,0,1:0:0:0:
437.8100321278261,23.29511778349355,31581.0,1,0,1:0:0:0:
446.4519227582239,5.433225822294851,31656.0,1,0,1:0:0:0:
487.56898287034807,38.26331142879594,31806.0,1,0,1:0:0:0:
370.76730012450855,65.78361134976792,32106.0,1,0,1:0:0:0:
336.19973760291737,180.6969857729215,32406.0,1,0,1:0:0:0:
219.39805485707785,208.21728569389347,32706.0,1,0,1:0:0:0:
178.28099474495366,164.5207484428027,32856.0,1,0,1:0:0:0:
212.84855726654476,49.6073740196491,33156.0,1,0,1:0:0:0:
271.2493986394645,35.847224059163075,33306.0,1,0,1:0:0:0:
353.48351886371296,123.24029856134462,33606.0,1,0,1:0:0:0:
411.8843602366327,109.48014860085858,33756.0,1,0,1:0:0:0:
471.1284841935978,99.98626759403335,33906.0,1,0,1:0:0:0:
492.5286040396631,43.93241071893472,34056.0,1,0,1:0:0:0:
412.98314804640677,24.944648705284248,34356.0,1,0,1:0:0:0:
375.139143935507,71.50462457355762,34506.0,1,0,1:0:0:0:
256.65089602157684,52.51686255990714,34806.0,1,0,1:0:0:0:
235.25077617551153,3.5369943151914853,34956.0,1,0,1:0:0:0:
197.40677206461177,43.02298155308193,35106.0,1,0,1:0:0:0:
176.00665221854646,13.030875322016698,35256.0,1,0,1:0:0:0:
138.1626481076467,33.529100546256714,35406.0,1,0,1:0:0:0:
256.65089602157684,52.51686255990708,35706.0,1,0,1:0:0:0:
299.4511357137076,164.6245763101043,36006.0,1,0,1:0:0:0:
358.69525967067267,174.11845731692947,36156.0,1,0,1:0:0:0:
380.09537951673803,230.17231419202807,36306.0,1,0,1:0:0:0:
342.2513754058383,276.73229006030147,36456.0,1,0,1:0:0:0:
406.45173494403423,323.10613931440264,36906.0,1,0,1:0:0:0:
482.1397431658337,351.7739089490505,37206.0,1,0,1:0:0:0:
422.8956192088686,342.2800279422253,37356.0,1,0,1:0:0:0:
401.49549936280334,286.22617106712664,37506.0,1,0,1:0:0:0:
458.26150552915306,216.3862072647166,37731.0,1,0,1:0:0:0:
488.75368386802506,169.76712387124297,37956.0,1,0,1:0:0:0:
436.17653998715554,198.67463053180333,38106.0,1,0,1:0:0:0:
433.0416979563515,348.6418695056602,38481.0,1,0,1:0:0:0:
510.0265085591734,372.7390471008663,38706.0,1,0,1:0:0:0:
511.28044537149503,335.27405730959094,38856.0,1,0,1:0:0:0:
384.4115369571351,355.02747036795324,39231.0,1,0,1:0:0:0:
383.1576001448135,352.985634042504,39381.0,1,0,1:0:0:0:
462.0233159661178,371.65310596665546,39606.0,1,0,1:0:0:0:
410.7001088975699,340.573717037673,39756.0,1,0,1:0:0:0:
358.1229650167004,369.4812236982334,39906.0,1,0,1:0:0:0:
356.86902820437876,338.5318807122238,40056.0,1,0,1:0:0:0:
279.8842176015569,382.8490358943027,40281.0,1,0,1:0:0:0:
278.0033123830745,295.17062072138316,40506.0,1,0,1:0:0:0:
383.1576001448136,352.9856340425039,40806.0,1,0,1:0:0:0:
485.8040142819094,290.826856184539,41106.0,1,0,1:0:0:0:
433.0416979563515,348.6418695056597,41406.0,1,0,1:0:0:0:
422.38323505161793,-90.53048201677325,42681.0,1,0,1:0:0:0:
501.24895087292225,47.16922202593271,42906.0,1,0,1:0:0:0:
449.92574380437435,16.08983309695029,43056.0,1,0,1:0:0:0:
452.43361742901766,103.88395808213524,43356.0,1,0,1:0:0:0:
503.75682449756556,72.80456915315281,43506.0,1,0,1:0:0:0:
441.3774596811302,116.16582914399335,43731.0,1,0,1:0:0:0:
439.4965544626478,206.1461725283075,43956.0,1,0,1:0:0:0:
386.91941058177827,235.05367918886785,44106.0,1,0,1:0:0:0:
384.41153695713507,355.02747036795336,44406.0,1,0,1:0:0:0:
435.734744025683,381.8931407030643,44556.0,1,0,1:0:0:0:
375.8377357807024,382.5928298006559,44706.0,1,0,1:0:0:0:
408.82947871661884,332.4775137979566,44856.0,1,0,1:0:0:0:
328.1136827894261,171.58947730101946,45306.0,1,0,1:0:0:0:
394.0971686612589,71.35884529562082,45606.0,1,0,1:0:0:0:
510.10881484877984,78.38690428818038,45906.0,1,0,1:0:0:0:
444.1253289769469,21.843727717218144,46206.0,1,0,1:0:0:0:
460.0806545330919,28.8717867097779,46506.0,1,0,1:0:0:0:
433.1753892240278,82.50113220875704,46656.0,1,0,1:0:0:0:
373.2783809790472,86.01516170503693,46806.0,1,0,1:0:0:0:
356.78250951108896,60.9575037036873,46881.0,1,0,1:0:0:0:
397.14040747468505,19.486514544781407,47106.0,1,0,1:0:0:0:
337.24339922970444,15.972485048501522,47256.0,1,0,1:0:0:0:
271.2599133578715,116.20311705390004,47556.0,1,0,1:0:0:0:
211.36290511289087,112.68908755762016,47706.0,1,0,1:0:0:0:
161.87529070901613,187.86206156166904,47931.0,1,0,1:0:0:0:
94.17862772397693,321.7170645338779,48306.0,1,0,1:0:0:0:
127.00802832599877,371.93887708691074,48456.0,1,0,1:0:0:0:
246.82415991807395,365.2984998152096,48756.0,1,0,1:0:0:0:
273.90282511208983,311.75649862632616,48906.0,1,0,1:0:0:0:
241.07342451006818,261.5346860732932,49056.0,1,0,1:0:0:0:
181.16535871403056,264.85487470914353,49206.0,1,0,1:0:0:0:
115.50655750998725,164.41124960307758,49506.0,1,0,1:0:0:0:
4.309574082087963,171.05162687477826,49806.0,1,0,1:0:0:0:
69.96837528613126,70.60800176871231,50106.0,1,0,1:0:0:0:
15.811044898099496,36.47600060905451,50406.0,1,0,1:0:0:0:
135.6271764901747,29.835623337353393,50706.0,1,0,1:0:0:0:
201.28597769421836,130.27924844341908,51006.0,1,0,1:0:0:0:
321.1021092862935,123.63887117171797,51306.0,1,0,1:0:0:0:
375.2594396743253,16.55486879395113,51606.0,1,0,1:0:0:0:
465.12153836838166,11.574585840175294,51831.0,1,0,1:0:0:0:
487.76326681948115,31.255849334846353,51906.0,1,0,1:0:0:0:
479.50605639949845,11.720488781035371,52056.0,1,0,1:0:0:0:
388.93914259510046,90.44554275971961,52356.0,1,0,1:0:0:0:
400.3863624739218,149.3434303028728,52506.0,1,0,1:0:0:0:
510.15228396403757,188.41415141049518,52806.0,1,0,1:0:0:0:
419.5853701596394,109.68909743181112,53106.0,1,0,1:0:0:0:
306.12401659759877,148.7598185394335,53406.0,1,0,1:0:0:0:
283.22957683995617,266.55559362573985,53706.0,1,0,1:0:0:0:
328.51303374215513,305.918120615082,53856.0,1,0,1:0:0:0:
317.0658138633338,364.81600815823515,54006.0,1,0,1:0:0:0:
260.3351370823135,383.64863128795366,54156.0,1,0,1:0:0:0:
271.78235696113484,325.4534811688932,54306.0,1,0,1:0:0:0:
289.4898150098593,382.781013205888,54456.0,1,0,1:0:0:0:
207.90307489797635,297.2212377438319,54756.0,1,0,1:0:0:0:
190.1956168492519,354.5487697808267,54906.0,1,0,1:0:0:0:
73.19396063991998,381.20608480453643,55206.0,1,0,1:0:0:0:
37.77904454247107,272.138851121474,55506.0,1,0,1:0:0:0:
154.780700751803,298.7961661451837,55806.0,1,0,1:0:0:0:
236.36744086368628,210.79841709490387,56106.0,1,0,1:0:0:0:
281.4840865823947,171.2448043763095,56256.0,1,0,1:0:0:0:
269.787976015995,112.39583669106838,56406.0,1,0,1:0:0:0:
314.9046217347034,72.84222397247402,56556.0,1,0,1:0:0:0:
303.20851116830374,13.993256287232896,56706.0,1,0,1:0:0:0:
370.8834797463664,45.33716279065864,56931.0,1,0,1:0:0:0:
388.42764559596594,42.93628873720304,57156.0,1,0,1:0:0:0:
303.20851116830374,13.993256287232718,57381.0,1,0,1:0:0:0:
235.5335425902409,73.32367536512399,57606.0,1,0,1:0:0:0:
150.31440816257867,44.380642915153665,57831.0,1,0,1:0:0:0:
140.55639640757352,16.01197698618934,57906.0,1,0,1:0:0:0:
134.31308724532155,73.77121236852528,58131.0,1,0,1:0:0:0:
147.64073820704752,46.89420137692868,58206.0,1,0,1:0:0:0:
327.2807368713229,35.51567423589937,58656.0,1,0,1:0:0:0:
360.50543450262956,85.47685383874948,58806.0,1,0,1:0:0:0:
333.85013257917785,139.2308758219428,58956.0,1,0,1:0:0:0:
273.9701330244194,143.02371820228612,59106.0,1,0,1:0:0:0:
247.31483110096767,196.77774018547944,59256.0,1,0,1:0:0:0:
280.53952873227433,246.73891978832955,59406.0,1,0,1:0:0:0:
227.22892488537087,354.24696375471615,59706.0,1,0,1:0:0:0:
107.46892577585399,361.8326485154028,60006.0,1,0,1:0:0:0:
54.15832192895053,298.65930751821054,60306.0,1,0,1:0:0:0:
12.291073333662766,369.41833327608924,60606.0,1,0,1:0:0:0:
65.60167718056624,291.07362275752416,60906.0,1,0,1:0:0:0:
54.15832192895064,298.6593075182108,61206.0,1,0,1:0:0:0:
80.81362385240237,352.4133295014041,61356.0,1,0,1:0:0:0:
47.588926221095726,365.62549089574577,61506.0,1,0,1:0:0:0:
20.933624297643995,348.62048712106093,61656.0,1,0,1:0:0:0:
45.5157709649693,319.45715367323885,61956.0,1,0,1:0:0:0:
44.3042283671684,313.7678901027242,62181.0,1,0,1:0:0:0:
84.2871812523463,233.13685712793438,62406.0,1,0,1:0:0:0:
51.062483621039824,183.17567752508415,62556.0,1,0,1:0:0:0:
8.817515933718653,186.96851990542703,62706.0,1,0,1:0:0:0:
35.47281785717078,240.72254188862016,62856.0,1,0,1:0:0:0:
14.364228589788645,315.6643112928957,63081.0,1,0,1:0:0:0:
25.618724295389548,371.7046557323146,63306.0,1,0,1:0:0:0:
92.06811955800211,296.37298506198465,63606.0,1,0,1:0:0:0:
32.188120003243625,292.5801426816419,63756.0,1,0,1:0:0:0:
5.5328180797914825,238.8261206984488,63906.0,1,0,1:0:0:0:
54.347181474967,235.03327831810603,64056.0,1,0,1:0:0:0:
107.65778532187127,127.52523435171979,64356.0,1,0,1:0:0:0:
167.53778487662976,123.73239197137691,64506.0,1,0,1:0:0:0:
233.9871801392427,223.6547511770774,64806.0,1,0,1:0:0:0:
353.74717924875966,216.06906641639165,65106.0,1,0,1:0:0:0:
407.0577830956639,108.56102245000541,65406.0,1,0,1:0:0:0:
497.18221779481917,100.97533768931966,65706.0,1,0,1:0:0:0:
443.8716139479151,6.532706277066666,66006.0,1,0,1:0:0:0:
460.368386942568,1.0529784836190839,66306.0,1,0,1:0:0:0:
497.18221779481905,100.97533768931956,66606.0,1,0,1:0:0:0:
420.1965745113732,315.9914256220924,67206.0,1,0,1:0:0:0:
486.64596977398617,352.0862151722072,67506.0,1,0,1:0:0:0:
366.88597066446926,344.50053041152125,67806.0,1,0,1:0:0:0:
300.4365754018563,323.5771103827783,68106.0,1,0,1:0:0:0:
420.1965745113733,315.99142562209255,68406.0,1,0,1:0:0:0:
446.85187643482544,262.2374036388994,68556.0,1,0,1:0:0:0:
413.62717880351914,212.27622403604906,68706.0,1,0,1:0:0:0:
440.2824807269713,158.52220205285593,68856.0,1,0,1:0:0:0:
404.0775206087533,147.1436749118273,69306.0,1,0,1:0:0:0:
350.7669167618492,39.63563094544098,69606.0,1,0,1:0:0:0:
383.99161439315566,10.325548657409264,69756.0,1,0,1:0:0:0:
410.6469163166076,43.42847332578395,69906.0,1,0,1:0:0:0:
443.8716139479141,6.532706277066239,70056.0,1,0,1:0:0:0:
497.18221779481763,100.97533768932037,70356.0,1,0,1:0:0:0:
510.7025420549603,43.18001750765971,70506.0,1,0,1:0:0:0:
394.48287091039106,13.297112042357618,70806.0,1,0,1:0:0:0:
378.367630760169,44.49820813930304,70956.0,1,0,1:0:0:0:
336.37303533810643,1.6443406902934896,71106.0,1,0,1:0:0:0:
352.4882754883285,56.15097949136717,71256.0,1,0,1:0:0:0:
265.32352212990156,33.738800392390594,71481.0,1,0,1:0:0:0:
181.33433128577656,119.44653529040983,71781.0,1,0,1:0:0:0:
94.16957792734964,97.03435619143326,72006.0,1,0,1:0:0:0:
52.174982505287126,139.88822364044287,72156.0,1,0,1:0:0:0:
68.29022265550927,197.6835438221035,72306.0,1,0,1:0:0:0:
126.4000582277939,212.62499655475446,72456.0,1,0,1:0:0:0:
210.8487444019538,297.88002223335155,72756.0,1,0,1:0:0:0:
270.83542985630606,299.1439716787811,72906.0,1,0,1:0:0:0:
328.6328906529758,363.6920918911983,73206.0,1,0,1:0:0:0:
268.64620519862353,364.95604133662783,73356.0,1,0,1:0:0:0:
253.10222767061487,339.2970319518374,73431.0,1,0,1:0:0:0:
263.614138787533,311.198994214835,73506.0,1,0,1:0:0:0:
225.45882095097534,264.89379233868226,73656.0,1,0,1:0:0:0:
166.27968088058134,274.78466593653434,73806.0,1,0,1:0:0:0:
89.96904520746597,182.17426218422878,74106.0,1,0,1:0:0:0:
28.389234933322015,201.956009379933,74406.0,1,0,1:0:0:0:
70.43687940099454,314.34816032794276,74706.0,1,0,1:0:0:0:
32.281561564436785,360.6533622040955,74856.0,1,0,1:0:0:0:
74.32920603210931,294.9544868478947,75156.0,1,0,1:0:0:0:
15.15006596171532,304.8453604457468,75306.0,1,0,1:0:0:0:
5.873756272120932,361.0414359197517,75456.0,1,0,1:0:0:0:
32.28156156443683,360.65336220409563,75606.0,1,0,1:0:0:0:
53.305383798273084,351.1505623218995,75756.0,1,0,1:0:0:0:
37.82266911593744,376.8465843110205,75831.0,1,0,1:0:0:0:
8.028123133097239,380.35158497812756,75906.0,1,0,1:0:0:0:
27.837262085735183,332.2509182145082,76056.0,1,0,1:0:0:0:
87.42635405141559,339.2609195487223,76206.0,1,0,1:0:0:0:
134.87376754511143,318.5177442556107,76506.0,1,0,1:0:0:0:
15.695583613750642,332.53774692403897,76806.0,1,0,1:0:0:0:
31.751829879945205,325.24091688029404,77106.0,1,0,1:0:0:0:
27.83726208573519,332.25091821450815,77256.0,1,0,1:0:0:0:
75.28467557943105,325.52774558982486,77556.0,1,0,1:0:0:0:
147.01544601709605,346.2709208829365,77856.0,1,0,1:0:0:0:
194.46285951079193,311.5077429213965,78156.0,1,0,1:0:0:0:
230.32824472962443,359.60840968501583,78306.0,1,0,1:0:0:0:
206.6045379827765,353.28092221715065,78456.0,1,0,1:0:0:0:
266.1936299484569,360.29092355136476,78606.0,1,0,1:0:0:0:
313.64104344215275,297.48774025296825,78906.0,1,0,1:0:0:0:
403.304506489234,350.2605928379835,79281.0,1,0,1:0:0:0:
313.9208685407134,339.7455908366622,79506.0,1,0,1:0:0:0:
266.47345504701775,229.52425464099514,79806.0,1,0,1:0:0:0:
338.20422548468275,133.32292111375648,80106.0,1,0,1:0:0:0:
457.3824094160436,147.3429237821847,80406.0,1,0,1:0:0:0:
493.2477946348761,99.24225701856537,80556.0,1,0,1:0:0:0:
381.779475450923,116.76726035410064,80931.0,1,0,1:0:0:0:
292.116012403842,3.4844065549478103,81306.0,1,0,1:0:0:0:
232.80674553672188,134.2922636896358,81681.0,1,0,1:0:0:0:
179.00866770847327,62.14126354420674,81906.0,1,0,1:0:0:0:
226.45608120216934,48.080072651460156,82206.0,1,0,1:0:0:0:
107.27789727080852,34.060069983032136,82506.0,1,0,1:0:0:0:
35.54712683314388,130.261403510271,82806.0,1,0,1:0:0:0:
59.270833579992,185.37207160810442,82956.0,1,0,1:0:0:0:
178.44901751135285,199.39207427653224,83256.0,1,0,1:0:0:0:
250.17978794901734,103.19074074929324,83556.0,1,0,1:0:0:0:
226.45608120216912,48.08007265145987,83706.0,1,0,1:0:0:0:
262.32146642100133,0.020594112159628253,83856.0,1,0,1:0:0:0:
202.7323744553209,7.030595446373545,84006.0,1,0,1:0:0:0:
131.56125421477654,172.3625997398738,84456.0,1,0,1:0:0:0:
12.383070283415691,186.3826024083016,84756.0,1,0,1:0:0:0:
23.482314935416554,138.2819356446821,84906.0,1,0,1:0:0:0:
0.24139181143166155,83.17126754684874,85056.0,1,0,1:0:0:0:
59.83048377711209,76.16126621263487,85206.0,1,0,1:0:0:0:
107.27789727080851,34.060069983031866,85506.0,1,0,1:0:0:0:
115.89156318207269,5.323251099078732,85581.0,1,0,1:0:0:0:
261.8598038475121,29.22052861646995,85956.0,1,0,1:0:0:0:
244.63247202498377,28.25310915143632,86106.0,1,0,1:0:0:0:
162.31254313768892,59.05914261193716,86406.0,1,0,1:0:0:0:
127.85787949263218,55.888132923875375,86706.0,1,0,1:0:0:0:
86.69791504898475,12.232007042188634,86856.0,1,0,1:0:0:0:
138.37991051656985,160.18890626153018,87306.0,1,0,1:0:0:0:
21.605317984218303,132.55388248909125,87606.0,1,0,1:0:0:0:
34.17261839920681,154.66319755778073,87756.0,1,0,1:0:0:0:
42.914358081160145,214.02296497084396,87906.0,1,0,1:0:0:0:
34.189415673142385,242.72619440546984,87981.0,1,0,1:0:0:0:
4.969218608094241,249.52178735088322,88056.0,1,0,1:0:0:0:
15.526036048936152,227.61415086167074,88131.0,1,0,1:0:0:0:
35.39631963850431,205.13812296370492,88206.0,1,0,1:0:0:0:
152.99613136086526,229.0187486436416,88506.0,1,0,1:0:0:0:
232.4772657191379,139.1146370517783,88806.0,1,0,1:0:0:0:
194.3585883550495,25.329899779978362,89106.0,1,0,1:0:0:0:
273.83972271332215,64.57421181188496,89406.0,1,0,1:0:0:0:
311.95840007741015,49.210525459915104,89706.0,1,0,1:0:0:0:
391.43953443568313,40.693586131947924,90006.0,1,0,1:0:0:0:
332.6396285745027,52.63389897191638,90156.0,1,0,1:0:0:0:
253.15849421622988,37.270212619946776,90456.0,1,0,1:0:0:0:
429.55821179977124,73.09115113985213,90906.0,1,0,1:0:0:0:
467.67688916385924,186.87588841165217,91206.0,1,0,1:0:0:0:
438.72329911377983,210.75651409158908,91506.0,1,0,1:0:0:0:
359.242164755507,120.85240249972593,91806.0,1,0,1:0:0:0:
241.6423530331461,144.73302817966285,92106.0,1,0,1:0:0:0:
162.16121867487328,54.8289165877997,92406.0,1,0,1:0:0:0:
103.36131281369282,66.76922942776815,92556.0,1,0,1:0:0:0:
63.62074563455641,21.817173631836575,92706.0,1,0,1:0:0:0:
4.820839773375944,33.75748647180504,92856.0,1,0,1:0:0:0:
74.66029458489689,56.14662512005812,93156.0,1,0,1:0:0:0:
93.71963326694087,0.7457435158419159,93306.0,1,0,1:0:0:0:
133.46020044607735,44.2063122800896,93456.0,1,0,1:0:0:0:
74.66029458489689,56.14662512005806,93606.0,1,0,1:0:0:0:
44.56140695251236,78.70954226773667,94056.0,1,0,1:0:0:0:
82.68008431660033,35.0751950040634,94356.0,1,0,1:0:0:0:
23.880178455419866,23.134882164094943,94506.0,1,0,1:0:0:0:
4.820839773375869,33.75748647180508,94656.0,1,0,1:0:0:0:
34.91972740576054,11.194569324126498,94806.0,1,0,1:0:0:0:
73.03840476984851,102.59016794767356,95106.0,1,0,1:0:0:0:
45.11965285620839,49.481380618413105,95256.0,1,0,1:0:0:0:
141.2222019597223,102.71684557298079,95706.0,1,0,1:0:0:0:
197.05970578700234,3.500729085540243,96006.0,1,0,1:0:0:0:
77.1538358907129,1.251361445384859,96306.0,1,0,1:0:0:0:
106.13901797946207,8.988235444750146,96381.0,1,0,1:0:0:0:
145.10032605468695,153.83994055403565,96756.0,1,0,1:0:0:0:
102.71448510727859,196.3068745990194,96906.0,1,0,1:0:0:0:
43.68554425269987,185.55586806071577,97056.0,1,0,1:0:0:0:
4.8604290469869085,231.30092713011817,97206.0,1,0,1:0:0:0:
25.064254695852583,287.7969927378243,97356.0,1,0,1:0:0:0:
84.09319555043126,298.54799927612817,97506.0,1,0,1:0:0:0:
114.06165826460129,299.923223821212,97581.0,1,0,1:0:0:0:
140.4928820752405,285.732014997722,97656.0,1,0,1:0:0:0:
153.16672143074862,258.54058627485466,97731.0,1,0,1:0:0:0:
135.95517306930577,233.96900506806796,97806.0,1,0,1:0:0:0:
46.29900991845274,241.82854761630975,98031.0,1,0,1:0:0:0:
39.75873188876152,118.97064158237617,98406.0,1,0,1:0:0:0:
14.41105317774516,64.5877841366416,98556.0,1,0,1:0:0:0:
48.834149900630855,15.444621723068174,98706.0,1,0,1:0:0:0:
108.60492533453288,20.684316755229364,98856.0,1,0,1:0:0:0:
159.30028275656542,129.4500316466986,99156.0,1,0,1:0:0:0:
124.87718603367964,178.59319406027197,99306.0,1,0,1:0:0:0:
5.335635165875601,168.11380399594938,99606.0,1,0,1:0:0:0:
20.01204354514058,113.73094655021472,99756.0,1,0,1:0:0:0:
43.623807733385554,11.9936454652277,100056.0,1,0,1:0:0:0:
73.60506095621754,13.054048779267328,100131.0,1,0,1:0:0:0:
153.14987505437517,114.11757757696647,100506.0,1,0,1:0:0:0:
33.224862163047206,118.3591908331251,100806.0,1,0,1:0:0:0:
5.080281356646346,171.34864800369792,100956.0,1,0,1:0:0:0:
54.88222508901764,173.46945463177724,101106.0,1,0,1:0:0:0:
86.70015072828075,122.60080408928374,101256.0,1,0,1:0:0:0:
146.66265717394472,124.72161071736305,101406.0,1,0,1:0:0:0:
210.29850845247094,22.984309632376053,101706.0,1,0,1:0:0:0:
330.2235213437989,27.22592288853467,102006.0,1,0,1:0:0:0:
376.6029260632258,10.839163711545481,102156.0,1,0,1:0:0:0:
396.154185329647,107.55740828738182,102456.0,1,0,1:0:0:0:
255.76659944805323,54.7244097889232,102831.0,1,0,1:0:0:0:
231.3275253650267,93.27130520973594,103206.0,1,0,1:0:0:0:
184.94812064559977,55.2062186096558,103356.0,1,0,1:0:0:0:
128.7930862929623,76.33941800903935,103506.0,1,0,1:0:0:0:
82.41368157353538,38.274331408959206,103656.0,1,0,1:0:0:0:
87.30149639014068,8.675188409227381,103731.0,1,0,1:0:0:0:
28.64701540842661,86.48752809097297,104106.0,1,0,1:0:0:0:
83.66305329684833,128.75392688974006,104406.0,1,0,1:0:0:0:
93.4386829300589,187.9522128892037,104556.0,1,0,1:0:0:0:
205.74875163533386,230.2186116879708,104856.0,1,0,1:0:0:0:
321.6972634339012,135.05589518777052,105231.0,1,0,1:0:0:0:
462.0848493154949,187.88889368622938,105606.0,1,0,1:0:0:0:
469.1563412456512,111.75872048606917,105906.0,1,0,1:0:0:0:
356.8462725403763,154.02511928483625,106206.0,1,0,1:0:0:0:
240.89776074180898,58.86240278463589,106581.0,1,0,1:0:0:0:
156.66520921285277,90.56220188371121,106806.0,1,0,1:0:0:0:
146.88957957964226,149.76048788317487,106956.0,1,0,1:0:0:0:
193.2689842990692,187.82557448325497,107106.0,1,0,1:0:0:0:
216.6596575056215,206.61057932606178,107181.0,1,0,1:0:0:0:
242.47767382781402,221.88899656041565,107256.0,1,0,1:0:0:0:
250.69198021922725,250.74250883375922,107331.0,1,0,1:0:0:0:
238.06130794776095,277.9540159212179,107406.0,1,0,1:0:0:0:
307.0633890568263,376.1309623119973,107706.0,1,0,1:0:0:0:
426.58815925175685,365.46188035294216,108006.0,1,0,1:0:0:0:
459.06142928469285,315.0090634507312,108156.0,1,0,1:0:0:0:
505.00851456903956,317.90533179210024,108306.0,1,0,1:0:0:0:
440.06197450316756,216.99969798767836,108606.0,1,0,1:0:0:0:
320.20186221063244,222.79223467041638,108906.0,1,0,1:0:0:0:
271.49195716122847,147.11300931709997,109131.0,1,0,1:0:0:0:
285.22035021789424,120.43846669530998,109206.0,1,0,1:0:0:0:
252.74708018495824,69.98564979309904,109356.0,1,0,1:0:0:0:
280.2038662982898,16.636564549519072,109506.0,1,0,1:0:0:0:
247.73059626535382,33.81625235269186,109656.0,1,0,1:0:0:0:
427.52076470415653,42.505057376798874,110106.0,1,0,1:0:0:0:
492.4673047700285,58.40057642762301,110406.0,1,0,1:0:0:0:
372.60719247749336,64.19311311036103,110706.0,1,0,1:0:0:0:
307.6606524116214,36.71252069406084,111006.0,1,0,1:0:0:0:
252.74708018495826,69.98564979309911,111306.0,1,0,1:0:0:0:
312.6771363312258,67.08938145173006,111456.0,1,0,1:0:0:0:
340.1339224445574,13.740296208150085,111606.0,1,0,1:0:0:0:
323.89728742808944,11.486112242955382,111681.0,1,0,1:0:0:0:
282.7121082580921,68.53751562241459,111906.0,1,0,1:0:0:0:
342.6421644043597,65.64124728104554,112056.0,1,0,1:0:0:0:
397.5557366310228,41.05692320611442,112356.0,1,0,1:0:0:0:
337.6256804847552,38.160654864745354,112506.0,1,0,1:0:0:0:
301.1270765760429,9.4613139386854,112656.0,1,0,1:0:0:0:
278.134543768398,45.95838865064083,112806.0,1,0,1:0:0:0:
205.13733595097338,49.28554895622068,113106.0,1,0,1:0:0:0:
182.14480314332846,6.134153633105548,113256.0,1,0,1:0:0:0:
109.14759532590386,89.10978397375595,113556.0,1,0,1:0:0:0:
168.63873204226107,96.90751775965141,113706.0,1,0,1:0:0:0:
205.13733595097335,49.28554895622066,113856.0,1,0,1:0:0:0:
182.14480314332843,6.134153633105569,114006.0,1,0,1:0:0:0:
301.12707657604284,9.461313938685464,114306.0,1,0,1:0:0:0:
228.12986875861816,104.70525154554691,114606.0,1,0,1:0:0:0:
274.11493437390783,215.54465672419943,114906.0,1,0,1:0:0:0:
201.11772655648315,310.7885943310609,115206.0,1,0,1:0:0:0:
82.13545312376876,295.1931267592699,115506.0,1,0,1:0:0:0:
9.13824530634409,377.5629356338687,115806.0,1,0,1:0:0:0:
128.12051873905847,361.9674680620776,116106.0,1,0,1:0:0:0:
164.6191226477708,358.41056313449167,116256.0,1,0,1:0:0:0:
187.61165545541564,354.16973427618206,116406.0,1,0,1:0:0:0:
128.12051873905844,361.96746806207756,116556.0,1,0,1:0:0:0:
91.62191483034613,314.3454992586468,116706.0,1,0,1:0:0:0:
32.13077811398893,322.1432330445423,116856.0,1,0,1:0:0:0:
40.86642970343568,226.8992954376808,117156.0,1,0,1:0:0:0:
100.35756641979287,234.69702922357627,117306.0,1,0,1:0:0:0:
173.35477423721747,139.45309161671477,117606.0,1,0,1:0:0:0:
127.3697086219276,28.613686438062345,117906.0,1,0,1:0:0:0:
200.3669164393521,66.63025116879922,118206.0,1,0,1:0:0:0:
81.38464300663769,82.22571874059005,118506.0,1,0,1:0:0:0:
69.88837660281521,109.93557003525316,118581.0,1,0,1:0:0:0:
106.38698051152747,157.55753883868394,118731.0,1,0,1:0:0:0:
195.6236855860633,145.86093815984083,118956.0,1,0,1:0:0:0:
246.5981671263866,177.50903812958998,119106.0,1,0,1:0:0:0:
299.49346645186057,149.18789215580364,119256.0,1,0,1:0:0:0:
303.3351020221619,29.249400268732643,119556.0,1,0,1:0:0:0:
252.3606204818386,2.398699701016561,119706.0,1,0,1:0:0:0:
248.51898491153722,117.53979218605443,120006.0,1,0,1:0:0:0:
354.30958356248516,60.89750023848177,120306.0,1,0,1:0:0:0:
358.1512191327865,59.04099164858923,120606.0,1,0,1:0:0:0:
460.1001822134331,4.255208290909167,120906.0,1,0,1:0:0:0:
400.7728285879407,13.2142881429795,121056.0,1,0,1:0:0:0:
363.35036102876825,33.68516730996456,121206.0,1,0,1:0:0:0:
423.34909716645006,34.0746052136598,121356.0,1,0,1:0:0:0:
453.01120211749435,86.2297538556993,121506.0,1,0,1:0:0:0:
510.99006174482383,86.61919175939454,121656.0,1,0,1:0:0:0:
450.3167993715487,16.91222971729394,121956.0,1,0,1:0:0:0:
483.6850964219286,17.496386572836837,122181.0,1,0,1:0:0:0:
422.99211901996875,48.95933172201863,122406.0,1,0,1:0:0:0:
404.85488464056397,8.23368121720793,122556.0,1,0,1:0:0:0:
492.75371361163104,11.10011989677649,122781.0,1,0,1:0:0:0:
467.32414598152957,27.01668642810145,122856.0,1,0,1:0:0:0:
414.3262764371229,1.1120501904182802,123006.0,1,0,1:0:0:0:
422.88121357393754,238.73542853426034,123606.0,1,0,1:0:0:0:
369.88334402953086,210.6066919157406,123756.0,1,0,1:0:0:0:
319.02420876932786,242.4398249783905,123906.0,1,0,1:0:0:0:
213.02846968051455,186.18235174135106,124206.0,1,0,1:0:0:0:
208.75100111210722,66.25861237901175,124506.0,1,0,1:0:0:0:
76.25632725109057,4.063229167287574,124881.0,1,0,1:0:0:0:
152.5450301413951,51.81292876126242,125106.0,1,0,1:0:0:0:
258.5407692302084,4.444544475777057,125406.0,1,0,1:0:0:0:
156.82249870980237,68.11081060107686,125706.0,1,0,1:0:0:0:
50.82675962098905,11.853337364037401,126006.0,1,0,1:0:0:0:
0.03237563921396713,43.68647042668731,126156.0,1,0,1:0:0:0:
2.1063586449896405,103.64834010785697,126306.0,1,0,1:0:0:0:
48.75277661521338,135.48147317050686,126456.0,1,0,1:0:0:0:
11.324926641650244,-416.81419259097584,129081.0,1,0,1:0:0:0:
350.2017040532669,65.20498485947854,130956.0,1,0,1:0:0:0:
495.79132253602245,46.21098085979594,131481.0,1,0,1:0:0:0:
475.2108079195709,74.33971747831568,131631.0,1,0,1:0:0:0:
470.9333393511635,194.26345684065495,131931.0,1,0,1:0:0:0:
425.91882249832906,273.84628949727994,132306.0,1,0,1:0:0:0:
372.9209529539223,245.7175528787603,132456.0,1,0,1:0:0:0:
367.5741172434129,95.81287867583617,132831.0,1,0,1:0:0:0:
393.0036848735144,79.89631214451117,132906.0,1,0,1:0:0:0:
388.72621630510685,40.02742721782812,133206.0,1,0,1:0:0:0:
337.8670810449039,8.194294155178085,133356.0,1,0,1:0:0:0:
342.1445496133114,111.7294452071612,133656.0,1,0,1:0:0:0:
443.86282013371726,48.06317908186114,133956.0,1,0,1:0:0:0:
496.860689678124,76.19191570038075,134106.0,1,0,1:0:0:0:
476.28017506167305,44.35878263773071,134256.0,1,0,1:0:0:0:
423.2823055172663,72.4875192562503,134406.0,1,0,1:0:0:0:
421.14357123306246,132.44938893741994,134556.0,1,0,1:0:0:0:
446.57313886316393,148.36595546874497,134631.0,1,0,1:0:0:0:
473.0720736353673,134.3015871594852,134706.0,1,0,1:0:0:0:
500.0687911044298,166.13472022213526,134856.0,1,0,1:0:0:0:
394.0730520156163,109.8772469850961,135156.0,1,0,1:0:0:0:
376.0804419473612,85.87170631358188,135231.0,1,0,1:0:0:0:
378.6951641398403,55.985869737435024,135306.0,1,0,1:0:0:0:
460.26292849343895,17.950362400792365,135531.0,1,0,1:0:0:0:
484.8374610854927,35.15769653139166,135606.0,1,0,1:0:0:0:
499.2892237997215,61.44736283683618,135681.0,1,0,1:0:0:0:
468.2059487588889,112.76821642225457,135831.0,1,0,1:0:0:0:
438.2855439129314,114.95210603805559,135906.0,1,0,1:0:0:0:
404.58253129428454,65.31233427762817,136056.0,1,0,1:0:0:0:
456.85812544082074,42.70276770643065,136356.0,1,0,1:0:0:0:
490.56113805946757,6.937004053996802,136506.0,1,0,1:0:0:0:
430.7203283675526,11.304783285598837,136656.0,1,0,1:0:0:0:
376.10553393403757,36.14878113185725,136806.0,1,0,1:0:0:0:
318.77768543280786,18.442347662068585,136956.0,1,0,1:0:0:0:
312.11283390512847,10.807947278563883,137031.0,1,0,1:0:0:0:
290.113761182193,9.589130927174224,137106.0,1,0,1:0:0:0:
276.7840581268342,48.91145895409071,137256.0,1,0,1:0:0:0:
331.560136271368,24.42511044918029,137406.0,1,0,1:0:0:0:
343.92461471355875,94.93618844142578,137706.0,1,0,1:0:0:0:
289.14853656902494,70.44983993651542,137856.0,1,0,1:0:0:0:
276.78405812683417,48.91145895409066,138156.0,1,0,1:0:0:0:
179.59638027995732,21.47714292669457,138456.0,1,0,1:0:0:0:
169.80512638347102,98.12273728701861,138756.0,1,0,1:0:0:0:
224.0412071349183,72.46250453822054,138906.0,1,0,1:0:0:0:
273.3816609381225,106.60221189627904,139056.0,1,0,1:0:0:0:
268.4860339898794,166.40215200313565,139206.0,1,0,1:0:0:0:
214.2499532384321,192.0623847519338,139356.0,1,0,1:0:0:0:
189.57972633683,174.99253107290457,139431.0,1,0,1:0:0:0:
196.92316675919454,85.29262091261967,139656.0,1,0,1:0:0:0:
251.1592475106418,59.63238816382151,139806.0,1,0,1:0:0:0:
349.84015511705024,127.91180287993839,140106.0,1,0,1:0:0:0:
344.9445281688072,187.711742986795,140256.0,1,0,1:0:0:0:
236.47236666591274,239.0322084843914,140556.0,1,0,1:0:0:0:
226.68111276942676,358.6320886981046,140856.0,1,0,1:0:0:0:
172.44503201797954,383.7076785530972,141006.0,1,0,1:0:0:0:
271.125939624388,315.42826383698036,141306.0,1,0,1:0:0:0:
325.36202037583524,341.08849658577856,141456.0,1,0,1:0:0:0:
330.2576473240782,367.11156330736486,141606.0,1,0,1:0:0:0:
276.021566572631,375.22820394383695,141756.0,1,0,1:0:0:0:
300.6917934742331,358.1583502648077,141831.0,1,0,1:0:0:0:
298.2439800001116,328.2583802113794,141906.0,1,0,1:0:0:0:
244.0078992486644,302.5981474625812,142056.0,1,0,1:0:0:0:
187.48472922350246,282.47027498915185,142206.0,1,0,1:0:0:0:
141.79189532479813,321.3568398966545,142356.0,1,0,1:0:0:0:
152.6222314512557,380.3712772775865,142506.0,1,0,1:0:0:0:
106.92939755255135,348.74215781491085,142656.0,1,0,1:0:0:0:
126.87876748694416,300.9276996210715,142956.0,1,0,1:0:0:0:
219.38099201362132,377.369432055758,143256.0,1,0,1:0:0:0:
359.9454850899588,325.00891939409416,143631.0,1,0,1:0:0:0:
372.086838809719,297.5755905794631,143706.0,1,0,1:0:0:0:
431.7441118571634,291.171703280122,143856.0,1,0,1:0:0:0:
456.0268192966837,236.30504565085994,144006.0,1,0,1:0:0:0:
505.60824634026346,202.5162591630001,144156.0,1,0,1:0:0:0:
491.1224040754138,215.02156096855418,144231.0,1,0,1:0:0:0:
486.8445167824793,244.71498920291185,144306.0,1,0,1:0:0:0:
490.0028441576476,281.81793557768543,144456.0,1,0,1:0:0:0:
479.5596888888637,340.902117115827,144606.0,1,0,1:0:0:0:
423.1697090806297,361.4001701264657,144756.0,1,0,1:0:0:0:
377.22288454117944,322.8140415989628,144906.0,1,0,1:0:0:0:
320.8329047329454,343.31209460960144,145056.0,1,0,1:0:0:0:
228.9392556540449,266.13983755459566,145356.0,1,0,1:0:0:0:
249.82556619161252,147.97147447831247,145656.0,1,0,1:0:0:0:
203.87874165216226,109.38534595080958,145806.0,1,0,1:0:0:0:
229.9866298241218,38.32510789454443,146181.0,1,0,1:0:0:0:
145.4016601117707,7.578028378586332,146406.0,1,0,1:0:0:0:
124.51534957420307,110.59033469769687,146706.0,1,0,1:0:0:0:
78.56852503475282,72.00420617019398,146856.0,1,0,1:0:0:0:
62.406424485832375,123.24933869679069,147231.0,1,0,1:0:0:0:
72.84957975461624,182.33352023493228,147381.0,1,0,1:0:0:0:
26.90275521516601,220.9196487624352,147531.0,1,0,1:0:0:0:
29.48722459306805,200.42159575179647,147681.0,1,0,1:0:0:0:
75.43404913251833,239.00772427929934,147831.0,1,0,1:0:0:0:
109.02402950988379,322.504509955445,148056.0,1,0,1:0:0:0:
16.49845060787709,327.4318747820681,148431.0,1,0,1:0:0:0:
39.484850021065334,301.4068157576891,148806.0,1,0,1:0:0:0:
150.5155447034734,324.9168459273266,149256.0,1,0,1:0:0:0:
217.69550545820434,276.08958272038205,149706.0,1,0,1:0:0:0:
98.88840183344499,292.9677380785867,150006.0,1,0,1:0:0:0:
54.10176133029105,363.7032143532191,150306.0,1,0,1:0:0:0:
19.918701791314312,309.84589343679136,150606.0,1,0,1:0:0:0:
64.70534229446827,346.82505899501444,150906.0,1,0,1:0:0:0:
5.301790482088592,355.2641366741168,151056.0,1,0,1:0:0:0:
17.09152976948838,357.0713395417861,151206.0,1,0,1:0:0:0:
42.3120220428913,365.5104172208884,151356.0,1,0,1:0:0:0:
101.93413367063815,372.23379472393657,151506.0,1,0,1:0:0:0:
146.53140507228574,332.0954915270177,151656.0,1,0,1:0:0:0:
121.60709600726553,214.71244838350677,151956.0,1,0,1:0:0:0:
94.4713105294844,201.91990577056845,152031.0,1,0,1:0:0:0:
45.17819128810418,236.12792230843675,152181.0,1,0,1:0:0:0:
50.156643002286266,295.9210240721817,152331.0,1,0,1:0:0:0:
23.783035859784057,347.23304887898416,152556.0,1,0,1:0:0:0:
50.91882133756518,334.4405062660458,152631.0,1,0,1:0:0:0:
124.8585001996355,382.2474689271517,152856.0,1,0,1:0:0:0:
137.30462948509071,236.2697766634859,153231.0,1,0,1:0:0:0:
1.6257020961849946,300.23248972817737,153606.0,1,0,1:0:0:0:
8.33120133217916,348.18130674433274,153906.0,1,0,1:0:0:0:
12.398486008410867,377.9043145894767,153981.0,1,0,1:0:0:0:
151.27109705288444,333.40002506786254,154356.0,1,0,1:0:0:0:
80.14938445489548,278.24839773802705,154581.0,1,0,1:0:0:0:
72.81382296831717,249.159060556224,154656.0,1,0,1:0:0:0:
15.094051524353517,232.77528857122013,154806.0,1,0,1:0:0:0:
28.463375565125666,191.51089053435663,154956.0,1,0,1:0:0:0:
21.48472385159718,162.33387183365204,155031.0,1,0,1:0:0:0:
1.3721923662188082,140.0743552789363,155106.0,1,0,1:0:0:0:
57.29495274384773,152.6507651257247,155256.0,1,0,1:0:0:0:
75.73703488315752,209.7462080819445,155406.0,1,0,1:0:0:0:
193.07132510329058,234.89902777552126,155706.0,1,0,1:0:0:0:
229.95548938191016,349.0899136879609,156006.0,1,0,1:0:0:0:
347.2897796020432,374.2427333815377,156306.0,1,0,1:0:0:0:
368.77587769543743,353.3059812761838,156381.0,1,0,1:0:0:0:
481.9752728485371,365.85923437737506,156831.0,1,0,1:0:0:0:
496.7526931470905,343.9889999631034,156981.0,1,0,1:0:0:0:
505.7612087595153,364.92575206845737,157056.0,1,0,1:0:0:0:
503.46137094193125,344.92248227202117,157206.0,1,0,1:0:0:0:
460.48917475514287,381.204013517271,157356.0,1,0,1:0:0:0:
445.71175445658946,328.64422082320755,157506.0,1,0,1:0:0:0:
503.4613709419313,344.9224822720212,157656.0,1,0,1:0:0:0:
391.6220404977033,219.3019696398978,158106.0,1,0,1:0:0:0:
421.17688109481014,102.99843832085486,158406.0,1,0,1:0:0:0:
487.32388593450617,70.44191542322761,158706.0,1,0,1:0:0:0:
457.7690453373993,45.86161589581533,159006.0,1,0,1:0:0:0:
307.3663586836397,100.695648841662,159531.0,1,0,1:0:0:0:
451.74039989699435,141.39130246369615,159906.0,1,0,1:0:0:0:
472.59600783785027,162.9561724474755,159981.0,1,0,1:0:0:0:
405.8863461337028,126.56091596617546,160356.0,1,0,1:0:0:0:
347.15744701694524,114.27611199811322,160506.0,1,0,1:0:0:0:
287.1523442040965,181.35358687917483,160731.0,1,0,1:0:0:0:
292.29600433040895,210.90934368736674,160806.0,1,0,1:0:0:0:
376.79960319178485,241.87935788619572,161031.0,1,0,1:0:0:0:
405.598733206909,250.28234011704538,161106.0,1,0,1:0:0:0:
421.7302495515858,308.0731194890302,161256.0,1,0,1:0:0:0:
316.7739373808305,352.7626489058537,161631.0,1,0,1:0:0:0:
374.88797859380946,337.83756217591537,161781.0,1,0,1:0:0:0:
407.1510112831632,222.25600343194577,162081.0,1,0,1:0:0:0:
440.05741149322165,172.08460894050808,162231.0,1,0,1:0:0:0:
413.0609094253752,118.501133165781,162381.0,1,0,1:0:0:0:
353.1580071474703,115.08905188249163,162531.0,1,0,1:0:0:0:
336.7048070424411,140.1747491282105,162606.0,1,0,1:0:0:0:
404.19606221205737,274.1334385650281,162981.0,1,0,1:0:0:0:
429.0685899221259,290.9071491059869,163056.0,1,0,1:0:0:0:
448.3990335769784,313.84911824785814,163131.0,1,0,1:0:0:0:
463.34695511558516,339.85987836123536,163206.0,1,0,1:0:0:0:
489.5605793044717,354.44911778225463,163281.0,1,0,1:0:0:0:
508.69795664058904,339.0420730199303,163356.0,1,0,1:0:0:0:
495.7789664871393,311.96625921101463,163431.0,1,0,1:0:0:0:
484.87780465001595,284.0169359526449,163506.0,1,0,1:0:0:0:
464.9215092764953,261.6172423171329,163581.0,1,0,1:0:0:0:
461.85643429187087,231.77423115306584,163656.0,1,0,1:0:0:0:
510.4809708942557,196.62235438662074,163806.0,1,0,1:0:0:0:
484.5671686729082,188.76170699104432,163881.0,1,0,1:0:0:0:
461.5619390279377,101.75159603270701,164106.0,1,0,1:0:0:0:
374.70635772942956,78.16965384597773,164331.0,1,0,1:0:0:0:
268.2891049735334,183.8832684653243,164706.0,1,0,1:0:0:0:
181.43352367502533,160.30132627859487,164931.0,1,0,1:0:0:0:
166.09670391171176,102.29458563970331,165081.0,1,0,1:0:0:0:
108.1929830460397,86.57329084855036,165231.0,1,0,1:0:0:0:
168.4918741192902,361.4286888588514,166206.0,1,0,1:0:0:0:
313.25117628347044,322.12545188096925,166581.0,1,0,1:0:0:0:
343.924815810098,206.11197060318625,166881.0,1,0,1:0:0:0:
258.7910136053814,121.54107890770871,167181.0,1,0,1:0:0:0:
289.46465313200895,5.527597629925694,167481.0,1,0,1:0:0:0:
405.2720948633531,25.91499195238003,167781.0,1,0,1:0:0:0:
374.59845533672575,90.09848932540304,168081.0,1,0,1:0:0:0:
376.5123245064426,60.159599820259274,168156.0,1,0,1:0:0:0:
276.6287073556771,6.348016472006805,168456.0,1,0,1:0:0:0:
265.14549233737574,173.28532055885574,168906.0,1,0,1:0:0:0:
372.68458616700883,120.0373788305469,169206.0,1,0,1:0:0:0:
472.56820331777436,186.54499512281296,169506.0,1,0,1:0:0:0:
443.8927028525926,133.29705339450413,169806.0,1,0,1:0:0:0:
436.23722617372505,13.541495373929095,170106.0,1,0,1:0:0:0:
487.8791566755094,52.966120918337,170406.0,1,0,1:0:0:0:
484.05141833607564,6.911658091950521,170556.0,1,0,1:0:0:0:
486.1790347491078,19.7123127722039,170706.0,1,0,1:0:0:0:
490.0067730885417,40.16546623808361,170856.0,1,0,1:0:0:0:
328.69813234409196,39.70644635437935,171306.0,1,0,1:0:0:0:
428.5817494948575,106.21406264664542,171606.0,1,0,1:0:0:0:
487.8791566755094,52.96612091833657,171906.0,1,0,1:0:0:0:
387.9955395247439,119.47373721060265,172206.0,1,0,1:0:0:0:
395.6510162036112,239.22929523117773,172506.0,1,0,1:0:0:0:
503.1901100332441,292.47723695948696,172806.0,1,0,1:0:0:0:
420.92627281599016,225.96962066722125,173106.0,1,0,1:0:0:0:
424.7540111554236,166.0918416569337,173256.0,1,0,1:0:0:0:
437.93734810012734,86.21992906446924,173706.0,1,0,1:0:0:0:
338.0537309493613,152.7275453567346,174006.0,1,0,1:0:0:0:
341.8814692887945,212.60532436702215,174156.0,1,0,1:0:0:0:
449.420563118427,265.8532660953322,174456.0,1,0,1:0:0:0:
125.10315970312479,33.43100721986019,175806.0,1,0,1:0:0:0:
232.64225353275728,86.67894894817022,176106.0,1,0,1:0:0:0:
307.55496639583197,36.79823672897149,176331.0,1,0,1:0:0:0:
388.20928676805636,76.73419302520401,176556.0,1,0,1:0:0:0:
438.15109534343947,43.48038487907152,176706.0,1,0,1:0:0:0:
451.7357731331221,16.732365712215397,176781.0,1,0,1:0:0:0:
332.6098029128634,3.857697589521994,177381.0,1,0,1:0:0:0:
283.49342729915577,79.27375454408033,177606.0,1,0,1:0:0:0:
337.83213845788606,186.26583121150503,177906.0,1,0,1:0:0:0:
457.65935043489327,192.70316527285215,178206.0,1,0,1:0:0:0:
511.99806159362356,299.69524194027684,178506.0,1,0,1:0:0:0:
462.8816859799159,375.11129889483516,178731.0,1,0,1:0:0:0:
432.9248829856641,373.5019653794985,178806.0,1,0,1:0:0:0:
400.1806325765257,344.22066331746265,178956.0,1,0,1:0:0:0:
460.0942385650293,341.0019962867893,179106.0,1,0,1:0:0:0:
487.26359414439463,287.50595795307703,179256.0,1,0,1:0:0:0:
405.40296812154907,161.81252969547953,179631.0,1,0,1:0:0:0:
345.48936213304546,165.03119672615264,179781.0,1,0,1:0:0:0:
296.3729865193381,89.61513977159413,180006.0,1,0,1:0:0:0:
176.54577454233083,96.0524738329404,180306.0,1,0,1:0:0:0:
111.05727372405435,4.502268773137615,180606.0,1,0,1:0:0:0:
230.8844857010616,10.939602834483864,180906.0,1,0,1:0:0:0:
258.0538412804269,64.4356411681961,181056.0,1,0,1:0:0:0:
317.9674472689305,67.65430819886943,181206.0,1,0,1:0:0:0:
350.71169767806896,17.376936895830532,181356.0,1,0,1:0:0:0:
410.62530366657256,20.59560392650387,181506.0,1,0,1:0:0:0:
437.7946592459379,74.0916422602161,181656.0,1,0,1:0:0:0:
406.4645227885512,83.74764335223611,182106.0,1,0,1:0:0:0:
346.4772711018133,84.98442751770628,182256.0,1,0,1:0:0:0:
284.34784640248427,17.6797560446754,182556.0,1,0,1:0:0:0:
255.42530706541092,34.88911990198571,182706.0,1,0,1:0:0:0:
315.41255875214887,33.652335736515326,182856.0,1,0,1:0:0:0:
377.5419834514783,136.31651929889676,183156.0,1,0,1:0:0:0:
348.61944411440516,188.885395245558,183306.0,1,0,1:0:0:0:
288.63219242766723,190.12217941102858,183456.0,1,0,1:0:0:0:
259.7096530905941,242.6910553576898,183606.0,1,0,1:0:0:0:
139.73514971711825,245.16462368863102,183906.0,1,0,1:0:0:0:
77.60572501778844,142.5004401262498,184206.0,1,0,1:0:0:0:
135.45080369193434,37.362688232927155,184506.0,1,0,1:0:0:0:
73.32137899260454,65.30149532945407,184806.0,1,0,1:0:0:0:
15.476300318458627,39.836256563868574,185106.0,1,0,1:0:0:0:
135.45080369193445,37.36268823292692,185406.0,1,0,1:0:0:0:
193.29588236608035,67.77506366039572,185706.0,1,0,1:0:0:0:
133.30863067934243,66.5382794949249,185856.0,1,0,1:0:0:0:
102.24391832967734,117.8703712761154,186006.0,1,0,1:0:0:0:
131.1664576667501,170.43924722277683,186156.0,1,0,1:0:0:0:
191.153709353488,171.67603138824788,186306.0,1,0,1:0:0:0:
263.4600576961699,303.09822125490143,186681.0,1,0,1:0:0:0:
216.86298917167227,380.0963589266872,186906.0,1,0,1:0:0:0:
274.7080678458178,282.76588917999,187206.0,1,0,1:0:0:0:
336.837492545148,382.56992725762905,187506.0,1,0,1:0:0:0:
394.68257121929355,280.2923208490481,187806.0,1,0,1:0:0:0:
456.8119959186237,382.95650441142914,188106.0,1,0,1:0:0:0:
507.20075239463836,381.7197202459583,188256.0,1,0,1:0:0:0:
476.13604004497324,334.9481879728512,188406.0,1,0,1:0:0:0:
447.2135007079005,380.4829360804874,188556.0,1,0,1:0:0:0:
439.76628424829664,327.9810330894027,188706.0,1,0,1:0:0:0:
391.93017733872983,364.19852714595623,188856.0,1,0,1:0:0:0:
414.2718267175414,225.1933803637138,189306.0,1,0,1:0:0:0:
303.7051799792,271.83045391082686,189606.0,1,0,1:0:0:0:
288.8107470599923,377.0974844289532,189906.0,1,0,1:0:0:0:
399.3773937983336,344.26544202393376,190206.0,1,0,1:0:0:0:
384.4829608791259,304.6624963158463,190506.0,1,0,1:0:0:0:
439.7662842482966,327.9810330894028,190656.0,1,0,1:0:0:0:
465.9283562650985,381.9768291089789,190806.0,1,0,1:0:0:0:
432.247661222984,336.36825389904453,190956.0,1,0,1:0:0:0:
492.09042828190053,332.0273748714451,191106.0,1,0,1:0:0:0:
505.74749970129733,278.0315788518691,191256.0,1,0,1:0:0:0:
450.89111021447377,178.72174486791585,191556.0,1,0,1:0:0:0:
405.4626070258487,139.52670566598266,191706.0,1,0,1:0:0:0:
292.1463045348214,179.01614209855296,192006.0,1,0,1:0:0:0:
280.9166564779329,237.95589951677127,192156.0,1,0,1:0:0:0:
326.34515966655806,277.15093871870437,192306.0,1,0,1:0:0:0:
315.11551160966957,336.0906961369227,192456.0,1,0,1:0:0:0:
360.5440147982947,375.28573533885583,192606.0,1,0,1:0:0:0:
493.4815314651645,316.0515806900001,193056.0,1,0,1:0:0:0:
448.05302827653935,355.2466198919332,193206.0,1,0,1:0:0:0:
459.28267633342784,353.81362268984844,193356.0,1,0,1:0:0:0:
504.711179522053,374.99133810821843,193506.0,1,0,1:0:0:0:
508.0591724210585,334.06890447356324,193656.0,1,0,1:0:0:0:
459.28267633342784,353.8136226898484,193806.0,1,0,1:0:0:0:
368.42566995617767,275.423544285982,194106.0,1,0,1:0:0:0:
390.8849660699546,157.5440294495454,194406.0,1,0,1:0:0:0:
504.20126856098176,118.05459301697488,194706.0,1,0,1:0:0:0:
497.3394353252413,0.1750781805382502,195006.0,1,0,1:0:0:0:
384.02313283421404,39.31435825203205,195306.0,1,0,1:0:0:0:
406.48242894799097,78.56515658440458,195606.0,1,0,1:0:0:0:
451.9109321366161,39.37011738247147,195756.0,1,0,1:0:0:0:
507.58986245559134,17.012641707997417,195906.0,1,0,1:0:0:0:
459.57877068037635,2.227829709454049,196056.0,1,0,1:0:0:0:
471.3317170840912,56.609813435316845,196206.0,1,0,1:0:0:0:
439.97223176511534,42.38311588298226,196581.0,1,0,1:0:0:0:
498.780717938836,71.24382300915899,196806.0,1,0,1:0:0:0:
453.70229747851874,31.646651281839276,196956.0,1,0,1:0:0:0:
465.45524388223396,27.190991862931554,197106.0,1,0,1:0:0:0:
510.53366434255116,12.406179864388243,197256.0,1,0,1:0:0:0:
453.70229747851863,31.646651281839198,197406.0,1,0,1:0:0:0:
418.44345826737236,208.15958071615154,197856.0,1,0,1:0:0:0:
361.61209140333983,227.4000521336025,198006.0,1,0,1:0:0:0:
349.8591449996244,286.2376952783733,198156.0,1,0,1:0:0:0:
394.9375654599415,325.83486700569324,198306.0,1,0,1:0:0:0:
453.5082404311349,312.8165709029455,198456.0,1,0,1:0:0:0:
485.6723754349722,262.16611760334587,198606.0,1,0,1:0:0:0:
430.1073518975084,155.80574829559527,198906.0,1,0,1:0:0:0:
494.4356219051831,54.50484169639596,199206.0,1,0,1:0:0:0:
438.8705983677193,51.85552761135463,199506.0,1,0,1:0:0:0:
465.23610808714204,46.7960649028031,199806.0,1,0,1:0:0:0:
400.90783807946696,148.09697150200216,200106.0,1,0,1:0:0:0:
340.96119130689766,145.5672401477264,200256.0,1,0,1:0:0:0:
313.17867953816574,92.38705549385111,200406.0,1,0,1:0:0:0:
253.23203276559644,89.85732413957535,200556.0,1,0,1:0:0:0:
221.0678977617589,140.5077774391749,200706.0,1,0,1:0:0:0:
248.8504095304906,193.6879620930503,200856.0,1,0,1:0:0:0:
168.44007202089676,320.3140953420491,201231.0,1,0,1:0:0:0:
78.5201018620428,316.51949831063547,201456.0,1,0,1:0:0:0:
50.737590093310885,263.33931365676017,201606.0,1,0,1:0:0:0:
9.209056679258424,260.8095823024844,201756.0,1,0,1:0:0:0:
36.99156844799032,207.62939764860909,201906.0,1,0,1:0:0:0:
96.93821522055963,205.09966629433333,202056.0,1,0,1:0:0:0:
166.39449464238936,72.14920465964511,202431.0,1,0,1:0:0:0:
209.00040966733854,29.903068683832956,202581.0,1,0,1:0:0:0:
186.075505485873,57.12824044265682,202806.0,1,0,1:0:0:0:
151.36993834365646,8.184153881182425,202956.0,1,0,1:0:0:0:
91.6303324452868,13.768013398351197,203106.0,1,0,1:0:0:0:
43.310415956151694,49.3374619530169,203256.0,1,0,1:0:0:0:
63.242679363281354,228.2304603500162,203706.0,1,0,1:0:0:0:
173.1706879463047,276.3535621720179,204006.0,1,0,1:0:0:0:
179.81477574868126,335.98456163768435,204156.0,1,0,1:0:0:0:
131.49485925954616,371.55401019235006,204306.0,1,0,1:0:0:0:
76.53085496803439,347.4924592813494,204456.0,1,0,1:0:0:0:
31.964020968325336,307.3203631542816,204606.0,1,0,1:0:0:0:
56.977298507238515,189.95624620722958,204906.0,1,0,1:0:0:0:
171.12424404556987,152.93632151431297,205206.0,1,0,1:0:0:0:
196.13752158448304,35.572204567260954,205506.0,1,0,1:0:0:0:
310.28446712281436,1.447720125655671,205806.0,1,0,1:0:0:0:
266.51123142971625,203.93948453168534,206331.0,1,0,1:0:0:0:
323.5847041988819,185.42952218522703,206481.0,1,0,1:0:0:0:
342.34466235306684,97.40643447493802,206706.0,1,0,1:0:0:0:
399.4181351222325,78.89647212847972,206856.0,1,0,1:0:0:0:
411.9247738916891,20.21441365495371,207006.0,1,0,1:0:0:0:
497.9282805699796,16.805511037962916,207306.0,1,0,1:0:0:0:
501.05844189110724,100.5586059090891,207606.0,1,0,1:0:0:0:
437.3313489551442,72.79366238940162,207831.0,1,0,1:0:0:0:
392.764514955435,112.96575851646928,207981.0,1,0,1:0:0:0:
335.6910421862693,94.45579617001097,208131.0,1,0,1:0:0:0:
304.42444526262784,52.24935001380403,208506.0,1,0,1:0:0:0:
418.5713908009592,15.229425320887408,208806.0,1,0,1:0:0:0:
431.07802957041577,43.4526331526386,208956.0,1,0,1:0:0:0:
475.6448635701248,3.280537025570773,209106.0,1,0,1:0:0:0:
491.28166366070946,21.79049937202887,209256.0,1,0,1:0:0:0:
460.01506673706746,168.4956455558438,209631.0,1,0,1:0:0:0:
470.73868683057367,227.52956777087326,209781.0,1,0,1:0:0:0:
496.77462679942323,247.75960145687844,209931.0,1,0,1:0:0:0:
480.68919665916394,336.31048477942267,210156.0,1,0,1:0:0:0:
424.20251028916084,356.54051846542785,210306.0,1,0,1:0:0:0:
378.4394440126638,317.73662993640363,210456.0,1,0,1:0:0:0:
383.80125405941675,288.21966882888887,210531.0,1,0,1:0:0:0:
440.2879404294198,267.98963514288346,210681.0,1,0,1:0:0:0:
486.05100670591696,306.7935236719075,210831.0,1,0,1:0:0:0:
459.2419564721526,313.62167079051864,211206.0,1,0,1:0:0:0:
451.7846707878415,354.0817381625298,211506.0,1,0,1:0:0:0:
441.06105069433573,354.8843396224406,211656.0,1,0,1:0:0:0:
349.5349181413414,335.5078833195112,211956.0,1,0,1:0:0:0:
406.02160451134444,315.2778496335058,212106.0,1,0,1:0:0:0:
433.4705772509854,303.1719049971527,212181.0,1,0,1:0:0:0:
506.09620313611606,356.32751114357006,212406.0,1,0,1:0:0:0:
496.13380894420425,376.9689167637549,212481.0,1,0,1:0:0:0:
503.12479662126333,361.85701784762966,212556.0,1,0,1:0:0:0:
474.3638210245245,370.3896776160603,212631.0,1,0,1:0:0:0:
445.69685468491195,361.54631621422214,212706.0,1,0,1:0:0:0:
427.28008677400663,337.8646216018037,212781.0,1,0,1:0:0:0:
438.58065195757337,310.07438542914844,212856.0,1,0,1:0:0:0:
468.2979850520455,305.9658438689115,212931.0,1,0,1:0:0:0:
510.49975421368754,194.8048991782903,213231.0,1,0,1:0:0:0:
421.3477549302713,182.47927449757918,213456.0,1,0,1:0:0:0:
398.746624563138,126.8988021522685,213606.0,1,0,1:0:0:0:
343.2370560332382,104.12408367707414,213756.0,1,0,1:0:0:0:
295.7587870047312,140.80942093948335,213906.0,1,0,1:0:0:0:
299.7744367554275,170.53944880828516,213981.0,1,0,1:0:0:0:
410.79357381522686,216.08888575867428,214281.0,1,0,1:0:0:0:
422.8405230673158,305.2789693650797,214506.0,1,0,1:0:0:0:
375.36225403880877,341.9643066274889,214656.0,1,0,1:0:0:0:
319.85268550890896,319.1895881522945,214806.0,1,0,1:0:0:0:
311.82138600751614,259.7295324146909,214956.0,1,0,1:0:0:0:
256.31181747761633,236.95481393949652,215106.0,1,0,1:0:0:0:
226.31226305443306,237.11832054628854,215181.0,1,0,1:0:0:0:
196.82875873949402,231.57548974326278,215256.0,1,0,1:0:0:0:
173.1585218461623,213.14399806696164,215331.0,1,0,1:0:0:0:
154.92888169938547,189.31795726872951,215406.0,1,0,1:0:0:0:
35.933774994337796,204.81520154809473,215706.0,1,0,1:0:0:0:
36.98478559276951,109.51103835516616,216006.0,1,0,1:0:0:0:
155.97989229781712,125.0082826345318,216306.0,1,0,1:0:0:0:
192.43917259137095,77.35620103806764,216456.0,1,0,1:0:0:0:
146.3626264734311,33.44520643422652,216756.0,1,0,1:0:0:0:
109.9033461798771,14.206875162237509,216906.0,1,0,1:0:0:0:
169.4008995324009,21.955497301920328,217056.0,1,0,1:0:0:0:
205.86017982595473,25.69658429454383,217206.0,1,0,1:0:0:0:
228.89845288492484,29.704119441603172,217356.0,1,0,1:0:0:0:
221.46577559585947,29.8337282547707,217506.0,1,0,1:0:0:0:
230.9657753024533,1.3776216065533973,217581.0,1,0,1:0:0:0:
230.08926737153988,28.609571223837477,217656.0,1,0,1:0:0:0:
247.5746845341251,4.232118800535126,217731.0,1,0,1:0:0:0:
277.4288861935441,7.186208047451148,217806.0,1,0,1:0:0:0:
417.31222349422603,187.83341133896766,218406.0,1,0,1:0:0:0:
297.89541685655007,199.64976832663135,218706.0,1,0,1:0:0:0:
262.92458253137977,150.89486348002652,218856.0,1,0,1:0:0:0:
113.6535742342848,165.6653097146061,219231.0,1,0,1:0:0:0:
27.072082756447486,356.9861014061345,219756.0,1,0,1:0:0:0:
97.01375140678775,313.50408890065563,220056.0,1,0,1:0:0:0:
494.0787912040222,-502.10804735829583,222681.0,1,0,1:0:0:0: