3.688624620437622
4.136876106262207
4.544222354888916
4.840344667434692
5.19247031211853
5.599493980407715
5.960161924362183
6.352241516113281
6.745161771774292
7.128268480300903
7.519978046417236
7.913023471832275
8.256503343582153
8.616087436676025
9.032157182693481
9.40831470489502
9.768948078155518
10.000539541244507
10.144442319869995
10.321087837219238
10.520083665847778
10.712052345275879
10.904878616333008
11.096617698669434
11.256411075592041
11.624161958694458
11.824443101882935
12.199963331222534
12.560330152511597
12.728527545928955
13.112618684768677
13.320236206054688
13.536790132522583
13.728479623794556
13.896252870559692
14.072614908218384
14.25635051727295
14.62471079826355
14.816372394561768
15.208149671554565
15.552198648452759
15.728327989578247
16.1202712059021
16.51270365715027
16.880225896835327
17.280216217041016
17.648958444595337
18.02422547340393
18.24049997329712
18.568699836730957
18.760291576385498
19.1518657207489
19.521150827407837
19.89643383026123
20.28851318359375
20.657373428344727
21.088249921798706
21.26414394378662
21.584339141845703
22.1364803314209
22.336047649383545
22.536208152770996
23.0725679397583
23.456406831741333
23.64188814163208
23.81618905067444
24.04063606262207
24.344353437423706
24.640472650527954
24.904866218566895
25.34421396255493
25.504513263702393
25.896376371383667
26.08868145942688
26.55988597869873
27.024720430374146
27.200886249542236
27.384989023208618
27.471850156784058
27.552398681640625
27.640401363372803
27.71240210533142
28.07182812690735
28.46431064605713
28.904571533203125
29.305059909820557
29.68038582801819
30.048360109329224
30.216844081878662
30.568673610687256
31.096062660217285
31.51232886314392
31.864362716674805
32.22524094581604
32.61664295196533
33.024770975112915
33.20805644989014
33.39246201515198
33.552077531814575
34.12865853309631
34.53708744049072
34.720000982284546
34.94538331031799
35.079859018325806
35.27263903617859
35.632232666015625
36.0332989692688
36.19237732887268
36.38423204421997
36.56020188331604
37.08040118217468
37.53581404685974
37.872015953063965
38.08841609954834
38.48033404350281
38.71170496940613
38.888500452041626
39.064436197280884
39.232290267944336
39.41587734222412
39.5132110118866
39.600592613220215
39.71252369880676
39.792475938797
40.16843366622925
40.552122831344604
40.9284987449646
41.11228370666504
41.448310136795044
41.64051961898804
42.016616344451904
42.19248056411743
42.36880850791931
42.58499455451965
42.96810722351074
43.12853240966797
43.50444459915161
43.671650648117065
43.88059091567993
44.02437973022461
44.232523679733276
44.600931882858276
44.96092200279236
45.15276741981506
45.37646222114563
45.56023287773132
46.16012096405029
46.50451064109802
46.71317386627197
46.911938428878784
47.15225887298584
47.46409201622009
47.640299558639526
48.056232929229736
48.3927161693573
48.52828574180603
49.0090868473053
49.19230604171753
49.51233983039856
49.68031406402588
49.928218364715576
50.09596252441406
50.30486297607422
50.66415476799011
51.032514810562134
51.39268088340759
51.75214600563049
53.33655595779419
53.60025215148926
53.86460518836975
54.20020818710327
54.424288749694824
54.63256001472473
54.98413586616516
55.176196813583374
55.52802038192749
55.70456290245056
55.89576196670532
56.080211877822876
56.62430548667908
57.04810833930969
57.36866521835327
57.74424982070923
58.14482140541077
58.31979274749756
58.49631714820862
58.632384061813354
58.840662240982056
59.06821131706238
59.441280364990234
59.63285255432129
59.936298847198486
60.36001801490784
60.55211353302002
60.92842364311218
61.14423441886902
61.35213494300842
61.51971220970154
61.90485596656799
62.28047037124634
62.64059233665466
63.03223204612732
63.408308267593384
63.7684965133667
64.15225124359131
64.52104544639587
64.78412938117981
64.91229367256165
65.07194089889526
65.45627641677856
65.61623692512512
66.00094437599182
66.4083309173584
66.77643609046936
67.13636875152588
67.3200147151947
67.50451374053955
67.68863844871521
67.87309837341309
68.10457015037537
68.42427039146423
68.62448978424072
69.02418756484985
69.39264559745789
69.77713584899902
70.13602137565613
70.32823443412781
70.52093553543091
70.69626665115356
70.91226887702942
71.11989307403564
71.4569993019104
71.72915887832642
72.04829025268555
72.24828910827637
72.40823483467102
72.63328123092651
72.79259586334229
73.32086563110352
73.52013397216797
73.70427322387695
73.88946461677551
74.04913330078125
74.22413730621338
74.6410505771637
75.00129222869873
75.36781930923462
75.7286536693573
76.15231704711914
76.5363028049469
76.68023252487183
76.86438131332397
77.06413865089417
77.48072385787964
77.68848419189453
78.02418184280396
78.2165093421936
78.4081392288208
78.58412075042725
78.82425451278687
79.16854095458984
79.55166816711426
79.72087383270264
79.87198233604431
80.05598211288452
80.48029923439026
80.65576720237732
81.04037189483643
81.37675857543945
81.76873517036438
82.13595414161682
82.52812719345093
82.89616703987122
83.27273058891296
84.01692271232605
84.3925290107727
84.80027318000793
85.16027569770813
85.46405243873596
85.70503234863281
85.896808385849
86.05608463287354
86.63232827186584
87.00017309188843
87.19245743751526
87.38429880142212
87.58478474617004
87.98407411575317
88.1687548160553
88.51977562904358
88.73662686347961
88.85602641105652
88.92858099937439
89.11190748214722
89.30479383468628
89.68049907684326
90.01654744148254
90.19424057006836
90.35278654098511
90.54415249824524
90.93639516830444
91.1283757686615
91.52086305618286
91.70458006858826
91.80801057815552
91.89671277999878
92.09647274017334
92.2730507850647
92.64819550514221
93.01636552810669
93.37636280059814
93.56064534187317
93.93676662445068
94.14479970932007
94.3121292591095
94.49620413780212
94.688645362854
94.76837825775146
94.86439418792725
95.04061007499695
95.24837040901184
95.61577439308167
95.99238348007202
96.33706188201904
96.53694009780884
96.91230010986328
97.32077956199646
97.72860550880432
97.91235542297363
98.08861017227173
98.2645857334137
98.65598940849304
99.06418037414551
99.3927230834961
99.72083353996277
100.13619589805603
100.512216091156
100.70473384857178
101.11956477165222
101.6727979183197
102.06430244445801
102.41757655143738
102.76851844787598
103.10458564758301
103.48844408988953
103.70515513420105
104.07966732978821
104.43237257003784
104.624516248703
104.84053421020508
105.01590371131897
105.58428764343262
105.92833995819092
106.12860870361328
106.29596495628357
106.50438404083252
106.84073901176453
107.01610660552979
107.46401762962341
107.64830827713013
107.99206233024597
108.36035633087158
108.56042718887329
109.09684610366821
109.47225832939148
109.64832592010498
109.85603260993958
109.97629284858704
110.08045029640198
110.14431667327881
110.24894142150879
110.64808440208435
111.00010681152344
111.39248323440552
111.76017117500305
112.15223050117493
112.51234769821167
112.71205997467041
113.07183980941772
113.63222312927246
114.04052758216858
114.3680510520935
114.78406596183777
115.13591837882996
115.52082443237305
115.71214079856873
115.89624047279358
116.07999038696289
116.40816140174866
116.64037346839905
116.83240580558777
117.0325379371643
117.56039023399353
117.93667578697205
118.14453554153442
118.33596277236938
118.52888345718384
118.86421036720276
119.06438374519348
119.5926034450531
120.00818634033203
120.37636995315552
120.52111911773682
120.91328072547913
121.11977195739746
121.34447026252747
121.51206636428833
121.68853163719177
121.86444401741028
121.95231008529663
122.05596971511841
122.12804198265076
122.22418546676636
122.57643294334412
122.98406291007996
123.17645144462585
123.36095333099365
123.54409790039062
123.936767578125
124.14432311058044
124.50482034683228
124.69612240791321
125.02437567710876
125.19241952896118
125.64047598838806
126.00090456008911
126.20814323425293
126.39200210571289
126.55231189727783
126.76021313667297
127.13673210144043
127.50507378578186
127.6803412437439
128.04034209251404
128.57616448402405
129.00821805000305
129.1926155090332
129.40026903152466
129.56000661849976
129.6403455734253
130.1195888519287
130.51299810409546
130.70426964759827
131.10459399223328
131.51943111419678
132.0404064655304
132.40817499160767
132.77622723579407
133.1843900680542
133.52821040153503
133.71197271347046
133.88864946365356
133.98472547531128
134.08060312271118
134.16060543060303
134.23178100585938
134.65697073936462
134.9609305858612
135.21686434745789
135.39997458457947
135.7844843864441
136.1602680683136
136.38437509536743
136.52753710746765
136.73601865768433
136.90487003326416
137.08830094337463
137.6165120601654
138.01641607284546
138.38437271118164
138.762051820755
139.10472559928894
139.28836727142334
139.48823523521423
139.64045000076294
139.880145072937
140.07200503349304
140.4323592185974
140.60021424293518
140.82436537742615
141.0008692741394
141.3772542476654
141.57660555839539
141.96018528938293
142.14434814453125
142.34427332878113
142.52116656303406
142.88827753067017
143.24832344055176
143.65633630752563
144.03224325180054
144.39242482185364
144.76871871948242
145.12815880775452
145.32005071640015
145.53595995903015
145.72089076042175
145.9048948287964
146.0806839466095
146.48014497756958
146.65625667572021
147.02445030212402
147.38423204421997
147.72860860824585
148.08871912956238
148.27283835411072
148.44872283935547
148.68044996261597
148.88014364242554
149.0883424282074
149.4481246471405
149.62448596954346
150.01637077331543
150.3781864643097
150.72007846832275
151.08857250213623
151.28865218162537
151.4960150718689
151.68047261238098
151.86484670639038
152.06480479240417
152.42447185516357
152.6961648464203
153.03233432769775
153.23209428787231
153.44035935401917
153.60022640228271
153.7844042778015
154.53569197654724
154.68837308883667
154.86438012123108
155.2801570892334
155.6485722064972
156.06427264213562
156.40058374404907
156.78431367874146
157.15221881866455
157.51949787139893
157.72086596488953
157.87187218666077
158.088632106781
161.34432101249695
163.67274403572083
164.31956028938293
164.58468508720398
164.94446992874146
165.39231371879578
165.5281810760498
165.9923164844513
166.02480816841125
166.16866159439087
166.5284674167633
166.71957778930664
167.07185220718384
167.42481660842896
167.63235998153687
167.80028128623962
167.97634363174438
168.01647329330444
168.2245123386383
168.31224155426025
168.3763952255249
168.54443049430847
168.9044508934021
169.07216954231262
169.1047637462616
169.3685085773468
169.55208921432495
169.5686469078064
169.77653408050537
169.8961682319641
169.9202961921692
170.11191654205322
170.4644753932953
170.65690302848816
170.84474849700928
171.0081489086151
171.0245463848114
171.1999228000641
171.3121781349182
171.3443992137909
171.6168167591095
171.76041293144226
172.1363627910614
172.29690551757812
172.680588722229
173.0646412372589
173.48840379714966
173.67262244224548
173.8569438457489
174.00810384750366
174.21650218963623
174.31980419158936
174.54423713684082
174.7363636493683
175.13642477989197
175.3126711845398
175.68852996826172
176.0407202243805
176.22410416603088
176.64043807983398
176.81654500961304
176.99270582199097
177.1844482421875
177.32014155387878
177.3844769001007
177.5600459575653
177.76132678985596
177.94468712806702
178.13623785972595
178.33595871925354
178.69609212875366
179.06438875198364
179.49619054794312
179.64925169944763
179.7926263809204
179.992689371109
180.1934380531311
180.30492234230042
180.3603298664093
180.552232503891
180.72861862182617
180.91940760612488
181.09716701507568
181.29591870307922
181.69637846946716
182.08038425445557
182.26423454284668
182.71977853775024
183.03248023986816
183.3856348991394
183.56857180595398
184.0815041065216
184.27192568778992
184.4561414718628
184.61705923080444
184.83316683769226
185.0244710445404
185.55249309539795
186.03337478637695
186.58448934555054
187.1053590774536
187.50464963912964
187.86432576179504
188.2563512325287
188.6082284450531
188.8006613254547
189.00821542739868
189.16838669776917
189.3609755039215
189.5283181667328
189.9142370223999
190.08030104637146
190.27199172973633
190.4561665058136
190.68843460083008
190.83227634429932
191.03334093093872
191.5602478981018
192.008367061615
192.36005544662476
192.51226115226746
192.95268487930298
193.18420386314392
193.344881772995
193.5449435710907
193.71951818466187
193.8324432373047
193.88032746315002
194.07198858261108
194.25631880760193
194.63228344917297
195.00025606155396
195.3370201587677
195.51979780197144
196.00017666816711
196.1853301525116
196.34444975852966
196.55283761024475
196.73607110977173
196.90490794181824
197.0884735584259
197.64797139167786
197.9999451637268
198.3922896385193
198.72024536132812
199.3764946460724
199.86410212516785
200.01634120941162
200.41637420654297
200.64788031578064
200.88053369522095
201.04806447029114
201.25593280792236
201.41619777679443
201.5763988494873
202.07172226905823
202.2482168674469
202.56110763549805
202.80830645561218
202.93593835830688
203.16030025482178
203.28842735290527
203.71310377120972
203.8325355052948
203.9523367881775
204.03247690200806
204.1282250881195
204.2079999446869
204.3209068775177
204.3842270374298
204.48838925361633
204.5964970588684
204.73663425445557
204.83266973495483
205.09643125534058
205.44863295555115
205.87295937538147
206.1443841457367
206.3201448917389
206.5132291316986
207.80033016204834
208.18494319915771
208.60048294067383
208.96793007850647
209.33647060394287
209.68822979927063
210.056574344635
210.2406952381134
210.56800055503845
211.1768717765808
211.52019596099854
211.9046754837036
212.28113532066345
212.64825630187988
213.00901079177856
213.17666363716125
213.39264464378357
213.57668280601501
214.14419651031494
214.52846693992615
214.89623761177063
215.25624632835388
215.63255262374878
216.00944805145264
216.35253834724426
216.6084179878235
217.11226058006287
217.48039984703064
217.64824175834656
218.0244324207306
219.74542355537415
220.1046211719513
220.36868596076965
220.67283391952515
220.87272834777832
221.00086569786072
221.71959781646729
222.0003206729889
222.368239402771
222.7690908908844
223.14435005187988
223.39243364334106
223.54445815086365
223.72812962532043
223.90463280677795
224.0892472267151
224.56020522117615
224.67988920211792
225.04789233207703
225.40816473960876
225.7688271999359
226.13598370552063
226.3119535446167
226.51225018501282
226.70472955703735
226.880756855011
227.0647988319397
227.63213396072388
227.78435802459717
228.1684651374817
228.3684651851654
228.60079717636108
228.9527976512909
229.1460976600647
229.30501413345337
229.49644207954407
229.8487868309021
230.24799513816833
230.6404254436493
231.00047945976257
231.3678743839264
231.76030921936035
232.11213088035583
232.33686351776123
232.5122847557068
232.7282931804657
232.91202473640442
233.30504727363586
233.63316321372986
234.01667881011963
234.39239478111267
234.71212697029114
235.12821006774902
235.29626870155334
235.480455160141
235.72842597961426
235.9121949672699
236.11194944381714
236.60813808441162
236.98446011543274
237.35998702049255
237.75249123573303
238.1047923564911
238.33693766593933
238.52840209007263
238.71206784248352
238.88032174110413
239.08013367652893
239.41594648361206
239.63271141052246
240.00023651123047
240.20835041999817
240.39256930351257
240.54435634613037
240.7525577545166
241.30501413345337
241.5284173488617
241.71998023986816
241.86414742469788
242.064551115036
242.22424364089966
242.65751099586487
243.04036664962769
243.36004185676575
243.7208411693573
244.15209674835205
244.52004384994507
244.71946501731873
244.91950058937073
245.08029508590698
245.28071665763855
245.76050281524658
246.03248405456543
246.20806002616882
246.41594052314758
246.6003077030182
246.77771401405334
247.31955766677856
247.5284321308136
247.7283148765564
247.88018226623535
248.08862590789795
248.27263379096985
248.64797282218933
249.00805926322937
249.3605968952179
249.7687647342682
250.12102055549622
250.2882375717163
250.49618530273438
250.7123692035675
250.88861560821533
251.0720763206482
251.57713961601257
251.81678318977356
252.02426433563232
252.2163529396057
252.36010026931763
252.52832126617432
253.03237867355347
253.24832582473755
253.51947903633118
253.71931862831116
253.9124138355255
254.10489320755005
254.65648531913757
255.0242097377777
255.2242453098297
255.40068674087524
255.57627248764038
255.75185251235962
256.1443817615509
256.5121657848358
256.91197657585144
257.2806761264801
257.91203451156616
258.0646686553955
258.38421273231506
258.5925748348236
258.8005881309509
259.16037774086
259.50500321388245
259.7602903842926
259.95189023017883
260.1361403465271
260.6403272151947
261.00806736946106
261.200909614563
261.35218119621277
261.5605754852295
262.03244733810425
262.19212222099304
262.4397802352905
262.6884527206421
262.8882863521576
263.04029536247253
263.1525523662567
263.3219110965729
263.52855587005615
264.0085566043854
264.39253640174866
264.5842070579529
264.9677267074585
265.1441628932953
265.27306485176086
265.48835015296936
265.6241044998169
265.7120394706726
265.80026412010193
265.87263894081116
265.9601833820343
266.02445793151855
266.12928009033203
266.2082190513611
266.5844991207123
266.8242621421814
266.96801567077637
267.15233874320984
267.3442931175232
267.520231962204
267.8882749080658
268.08824729919434
268.30446314811707
268.488322019577
268.6884214878082
268.8407995700836
268.945255279541
269.048543214798
269.1202440261841
269.24174332618713
269.640310049057
270.0162649154663
270.38433861732483
270.560293674469
270.95285081863403
271.1366093158722
271.3201947212219
271.5122458934784
271.7198956012726
271.90451407432556
272.00831294059753
272.10460901260376
272.17551350593567
272.28069591522217
273.0326111316681
273.36892104148865
273.5685341358185
274.0808730125427
274.6718969345093
275.06442046165466
278.32833552360535
